3.120000000000000000e+02 3.650000000000000000e+02 1.940000000000000000e+02 2.620000000000000000e+02
9.700000000000000000e+01 1.490000000000000000e+02 1.500000000000000000e+02 1.990000000000000000e+02
3.170000000000000000e+02 3.530000000000000000e+02 1.490000000000000000e+02 1.980000000000000000e+02
5.230000000000000000e+02 5.710000000000000000e+02 1.500000000000000000e+02 2.000000000000000000e+02
1.590000000000000000e+02 1.970000000000000000e+02 1.210000000000000000e+02 1.590000000000000000e+02
3.200000000000000000e+02 3.500000000000000000e+02 1.230000000000000000e+02 1.640000000000000000e+02
4.810000000000000000e+02 5.170000000000000000e+02 1.260000000000000000e+02 1.610000000000000000e+02
6.000000000000000000e+01 9.300000000000000000e+01 1.030000000000000000e+02 1.350000000000000000e+02
1.920000000000000000e+02 2.270000000000000000e+02 1.030000000000000000e+02 1.370000000000000000e+02
3.210000000000000000e+02 3.450000000000000000e+02 9.800000000000000000e+01 1.410000000000000000e+02
4.460000000000000000e+02 4.820000000000000000e+02 1.100000000000000000e+02 1.390000000000000000e+02
5.800000000000000000e+02 6.120000000000000000e+02 1.110000000000000000e+02 1.440000000000000000e+02
1.070000000000000000e+02 1.350000000000000000e+02 9.400000000000000000e+01 1.190000000000000000e+02
2.120000000000000000e+02 2.470000000000000000e+02 9.300000000000000000e+01 1.220000000000000000e+02
3.200000000000000000e+02 3.450000000000000000e+02 9.000000000000000000e+01 1.330000000000000000e+02
4.290000000000000000e+02 4.610000000000000000e+02 9.800000000000000000e+01 1.210000000000000000e+02
5.320000000000000000e+02 5.690000000000000000e+02 1.000000000000000000e+02 1.220000000000000000e+02
1.330000000000000000e+02 1.660000000000000000e+02 8.700000000000000000e+01 1.120000000000000000e+02
2.300000000000000000e+02 2.570000000000000000e+02 8.500000000000000000e+01 1.140000000000000000e+02
3.280000000000000000e+02 3.500000000000000000e+02 8.400000000000000000e+01 1.130000000000000000e+02
4.140000000000000000e+02 4.400000000000000000e+02 9.000000000000000000e+01 1.140000000000000000e+02
5.080000000000000000e+02 5.360000000000000000e+02 8.900000000000000000e+01 1.090000000000000000e+02
1.560000000000000000e+02 1.860000000000000000e+02 8.200000000000000000e+01 1.040000000000000000e+02
2.410000000000000000e+02 2.710000000000000000e+02 8.200000000000000000e+01 1.080000000000000000e+02
3.260000000000000000e+02 3.490000000000000000e+02 8.100000000000000000e+01 1.100000000000000000e+02
4.050000000000000000e+02 4.340000000000000000e+02 8.400000000000000000e+01 1.070000000000000000e+02
4.040000000000000000e+02 4.330000000000000000e+02 8.400000000000000000e+01 1.070000000000000000e+02
4.500000000000000000e+01 7.500000000000000000e+01 7.300000000000000000e+01 9.300000000000000000e+01
3.280000000000000000e+02 3.480000000000000000e+02 7.600000000000000000e+01 1.000000000000000000e+02
6.100000000000000000e+02 6.330000000000000000e+02 7.800000000000000000e+01 1.010000000000000000e+02
