3.320000000000000000e+02 2.560000000000000000e+02
1.180000000000000000e+02 1.890000000000000000e+02
3.310000000000000000e+02 1.910000000000000000e+02
5.410000000000000000e+02 1.930000000000000000e+02
1.690000000000000000e+02 1.540000000000000000e+02
3.330000000000000000e+02 1.560000000000000000e+02
4.940000000000000000e+02 1.580000000000000000e+02
7.600000000000000000e+01 1.330000000000000000e+02
2.020000000000000000e+02 1.330000000000000000e+02
3.340000000000000000e+02 1.350000000000000000e+02
4.610000000000000000e+02 1.360000000000000000e+02
5.910000000000000000e+02 1.380000000000000000e+02
1.160000000000000000e+02 1.190000000000000000e+02
2.240000000000000000e+02 1.200000000000000000e+02
3.350000000000000000e+02 1.200000000000000000e+02
4.410000000000000000e+02 1.210000000000000000e+02
5.490000000000000000e+02 1.230000000000000000e+02
1.470000000000000000e+02 1.090000000000000000e+02
2.390000000000000000e+02 1.090000000000000000e+02
3.340000000000000000e+02 1.100000000000000000e+02
4.270000000000000000e+02 1.110000000000000000e+02
5.200000000000000000e+02 1.120000000000000000e+02
1.700000000000000000e+02 1.010000000000000000e+02
2.510000000000000000e+02 1.010000000000000000e+02
3.350000000000000000e+02 1.020000000000000000e+02
4.160000000000000000e+02 1.030000000000000000e+02
4.960000000000000000e+02 1.040000000000000000e+02
6.200000000000000000e+01 9.200000000000000000e+01
3.350000000000000000e+02 9.400000000000000000e+01
6.140000000000000000e+02 9.800000000000000000e+01