3.010000000000000000e+02 3.470000000000000000e+02 1.990000000000000000e+02 2.690000000000000000e+02
8.500000000000000000e+01 1.360000000000000000e+02 1.470000000000000000e+02 1.950000000000000000e+02
3.020000000000000000e+02 3.430000000000000000e+02 1.460000000000000000e+02 1.980000000000000000e+02
5.050000000000000000e+02 5.560000000000000000e+02 1.510000000000000000e+02 2.010000000000000000e+02
1.390000000000000000e+02 1.800000000000000000e+02 1.210000000000000000e+02 1.590000000000000000e+02
3.070000000000000000e+02 3.420000000000000000e+02 1.220000000000000000e+02 1.620000000000000000e+02
4.630000000000000000e+02 5.010000000000000000e+02 1.230000000000000000e+02 1.600000000000000000e+02
4.500000000000000000e+01 7.800000000000000000e+01 1.040000000000000000e+02 1.340000000000000000e+02
1.730000000000000000e+02 2.080000000000000000e+02 1.030000000000000000e+02 1.350000000000000000e+02
3.040000000000000000e+02 3.300000000000000000e+02 1.010000000000000000e+02 1.380000000000000000e+02
4.330000000000000000e+02 4.660000000000000000e+02 1.070000000000000000e+02 1.380000000000000000e+02
5.640000000000000000e+02 5.940000000000000000e+02 1.060000000000000000e+02 1.390000000000000000e+02
8.900000000000000000e+01 1.190000000000000000e+02 9.400000000000000000e+01 1.180000000000000000e+02
2.030000000000000000e+02 2.350000000000000000e+02 9.300000000000000000e+01 1.220000000000000000e+02
3.080000000000000000e+02 3.310000000000000000e+02 9.500000000000000000e+01 1.270000000000000000e+02
4.100000000000000000e+02 4.460000000000000000e+02 9.800000000000000000e+01 1.220000000000000000e+02
5.230000000000000000e+02 5.520000000000000000e+02 9.700000000000000000e+01 1.190000000000000000e+02
1.180000000000000000e+02 1.490000000000000000e+02 8.700000000000000000e+01 1.120000000000000000e+02
2.100000000000000000e+02 2.460000000000000000e+02 8.600000000000000000e+01 1.120000000000000000e+02
3.060000000000000000e+02 3.360000000000000000e+02 8.500000000000000000e+01 1.100000000000000000e+02
4.020000000000000000e+02 4.280000000000000000e+02 8.800000000000000000e+01 1.110000000000000000e+02
4.850000000000000000e+02 5.180000000000000000e+02 9.100000000000000000e+01 1.140000000000000000e+02
1.440000000000000000e+02 1.730000000000000000e+02 7.900000000000000000e+01 1.020000000000000000e+02
2.280000000000000000e+02 2.540000000000000000e+02 7.900000000000000000e+01 1.040000000000000000e+02
3.110000000000000000e+02 3.320000000000000000e+02 8.200000000000000000e+01 1.060000000000000000e+02
3.900000000000000000e+02 4.150000000000000000e+02 8.400000000000000000e+01 1.050000000000000000e+02
4.700000000000000000e+02 4.980000000000000000e+02 8.500000000000000000e+01 1.050000000000000000e+02
3.300000000000000000e+01 5.900000000000000000e+01 7.400000000000000000e+01 9.400000000000000000e+01
3.110000000000000000e+02 3.300000000000000000e+02 7.600000000000000000e+01 9.900000000000000000e+01
5.900000000000000000e+02 6.150000000000000000e+02 7.500000000000000000e+01 9.900000000000000000e+01
