-1.880000000000000000e+03 2.820000000000000000e+03 0.000000000000000000e+00
-1.000000000000000000e+03 2.820000000000000000e+03 0.000000000000000000e+00
-5.000000000000000000e+02 2.820000000000000000e+03 0.000000000000000000e+00
0.000000000000000000e+00 2.820000000000000000e+03 0.000000000000000000e+00
5.000000000000000000e+02 2.820000000000000000e+03 0.000000000000000000e+00
1.000000000000000000e+03 2.820000000000000000e+03 0.000000000000000000e+00
1.880000000000000000e+03 2.820000000000000000e+03 0.000000000000000000e+00
-1.000000000000000000e+03 1.820000000000000000e+03 0.000000000000000000e+00
1.000000000000000000e+03 1.820000000000000000e+03 0.000000000000000000e+00
0.000000000000000000e+00 0.000000000000000000e+00 0.000000000000000000e+00
