3.200000000000000000e+02 2.530000000000000000e+02
1.050000000000000000e+02 1.870000000000000000e+02
3.190000000000000000e+02 1.880000000000000000e+02
5.260000000000000000e+02 1.900000000000000000e+02
1.570000000000000000e+02 1.530000000000000000e+02
3.200000000000000000e+02 1.530000000000000000e+02
4.780000000000000000e+02 1.550000000000000000e+02
6.000000000000000000e+01 1.310000000000000000e+02
1.880000000000000000e+02 1.310000000000000000e+02
3.200000000000000000e+02 1.320000000000000000e+02
4.490000000000000000e+02 1.330000000000000000e+02
5.760000000000000000e+02 1.350000000000000000e+02
1.010000000000000000e+02 1.170000000000000000e+02
2.110000000000000000e+02 1.180000000000000000e+02
3.200000000000000000e+02 1.180000000000000000e+02
4.280000000000000000e+02 1.190000000000000000e+02
5.330000000000000000e+02 1.200000000000000000e+02
1.320000000000000000e+02 1.070000000000000000e+02
2.250000000000000000e+02 1.080000000000000000e+02
3.210000000000000000e+02 1.080000000000000000e+02
4.120000000000000000e+02 1.090000000000000000e+02
5.040000000000000000e+02 1.100000000000000000e+02
1.570000000000000000e+02 9.900000000000000000e+01
2.370000000000000000e+02 9.900000000000000000e+01
3.200000000000000000e+02 9.900000000000000000e+01
4.010000000000000000e+02 9.900000000000000000e+01
4.810000000000000000e+02 1.000000000000000000e+02
4.500000000000000000e+01 9.100000000000000000e+01
3.200000000000000000e+02 9.300000000000000000e+01
6.010000000000000000e+02 9.500000000000000000e+01
