-2.697980159975084391e-02 5.088609892758293540e+02
-2.591701805237331655e+02 7.622348586533598791e+02
-1.080242124625678590e+00 7.722026366048763748e+02
2.471201952594115596e+02 7.533181992513433443e+02
-2.622464682170017340e+02 1.021508656993134423e+03
2.350097551418653730e+00 1.021350859471265494e+03
2.578887565464572731e+02 1.039799139170271928e+03
-5.263550550746772387e+02 1.301227353725756075e+03
-2.697211369687516935e+02 1.314778666259662486e+03
-9.884263230123934818e+00 1.336985732990798851e+03
2.548394731147061520e+02 1.300013199114413737e+03
5.261074127153727886e+02 1.322829393880017278e+03
-5.316514587202865414e+02 1.579974635268156817e+03
-2.484984805771841536e+02 1.556779412588588684e+03
-5.145712734717202252e+00 1.516101034558776064e+03
2.477246345122716207e+02 1.540149813762998747e+03
5.394042786352009671e+02 1.633816524313134551e+03
-5.088300167710486903e+02 1.754355099692549402e+03
-2.591421783756782133e+02 1.776816350609534084e+03
-4.653067655132114844e+00 1.873783680666609598e+03
2.630777678912198780e+02 1.854713939849859798e+03
4.826229837496061350e+02 1.762372846018663495e+03
-5.219990575345151456e+02 2.085947842784600653e+03
-2.579632928819281119e+02 2.084346408246618921e+03
-7.769320880367291959e-01 2.038131635909616080e+03
2.495929347764997885e+02 2.038066857892458302e+03
5.025707288528254253e+02 2.037534846999406227e+03
-9.925275366645356598e+02 2.362627445660345529e+03
-3.416589500012227276e+00 2.342569445399270080e+03
1.058233066185085136e+03 2.472893594573487462e+03
