-2.697980159975084391e-02
-2.591701805237331655e+02
-1.080242124625678590e+00
2.471201952594115596e+02
-2.622464682170017340e+02
2.350097551418653730e+00
2.578887565464572731e+02
-5.263550550746772387e+02
-2.697211369687516935e+02
-9.884263230123934818e+00
2.548394731147061520e+02
5.261074127153727886e+02
-5.316514587202865414e+02
-2.484984805771841536e+02
-5.145712734717202252e+00
2.477246345122716207e+02
5.394042786352009671e+02
-5.088300167710486903e+02
-2.591421783756782133e+02
-4.653067655132114844e+00
2.630777678912198780e+02
4.826229837496061350e+02
-5.219990575345151456e+02
-2.579632928819281119e+02
-7.769320880367291959e-01
2.495929347764997885e+02
5.025707288528254253e+02
-9.925275366645356598e+02
-3.416589500012227276e+00
1.058233066185085136e+03
