-3.037821320352004917e-03
-1.877872915028764567e+01
-8.015159659572584916e-02
1.816167592661222585e+01
-1.439829631438171376e+01
1.318356295078429441e-01
1.392930590664751200e+01
-2.202365719107976716e+01
-1.159313510377640810e+01
-4.235768829822715298e-01
1.109096107435332179e+01
2.168839501166256767e+01
-1.859776042323113643e+01
-9.069238763716441554e+00
-1.944636165278348094e-01
9.137449493716838234e+00
1.827063214323217366e+01
-1.617417855126713633e+01
-8.297875206668631876e+00
-1.422792786492125261e-01
8.073137539909264859e+00
1.531489042349212149e+01
-1.404948131163788894e+01
-7.055176003001763618e+00
-2.184104631531268159e-02
6.981991578163819767e+00
1.385578954312384425e+01
-2.278702341312337154e+01
-8.356466027606250513e-02
2.316768591145608269e+01
